chr11	35139371	35176574	1	1	1	280	0	48
chr11	35176741	35180273	1	1	1	495	0	48
chr11	35180330	35219339	1	1	1	4	0	10
chr11	35180379	35186831	1	1	0	1	0	34
chr11	35180408	35186831	1	1	1	432	0	48
chr11	35186901	35188145	1	1	0	1	0	17
chr11	35186901	35189834	1	1	1	755	0	48
chr11	35186901	35189869	1	1	0	1	0	31
chr11	35189973	35204511	1	1	0	2	0	14
chr11	35189973	35214851	1	1	0	2	0	20
chr11	35190066	35196745	1	1	1	4	0	46
chr11	35190066	35198120	1	1	1	24	0	48
chr11	35190066	35200645	1	1	0	1	0	20
chr11	35190066	35201646	1	1	0	2	0	38
chr11	35190066	35204511	1	1	0	59	0	47
chr11	35190066	35204516	1	1	0	2	0	46
chr11	35190066	35208104	1	1	1	20	0	41
chr11	35190066	35211245	1	1	1	8	0	45
chr11	35190066	35214851	1	1	1	274	0	48
chr11	35190066	35219315	1	1	1	3	0	39
chr11	35196875	35198120	1	1	1	1	0	13
chr11	35198236	35229159	2	2	0	1	0	43
chr11	35198247	35200645	1	1	0	1	0	37
chr11	35198247	35201081	1	1	1	78	0	47
chr11	35198247	35208104	1	1	0	2	0	30
chr11	35198247	35214851	1	1	0	5	0	42
chr11	35201196	35201667	1	1	0	76	0	48
chr11	35201196	35201670	1	1	1	54	0	46
chr11	35201196	35204511	1	1	0	1	0	23
chr11	35201788	35204511	1	1	1	264	0	48
chr11	35204641	35206111	1	1	1	105	0	48
chr11	35204641	35206114	1	1	0	13	0	48
chr11	35204641	35208104	1	1	0	1	0	38
chr11	35206244	35208104	1	1	1	46	0	47
chr11	35206244	35214851	1	1	0	1	0	22
chr11	35208207	35209964	1	1	1	66	0	47
chr11	35210055	35211245	1	1	1	76	0	48
chr11	35210055	35211263	1	1	0	2	0	29
chr11	35210055	35214851	1	1	0	4	0	43
chr11	35211450	35214851	1	1	1	65	0	48
chr11	35214915	35219315	1	1	1	473	0	48
chr11	35219388	35221653	1	1	1	550	0	48
chr11	35219388	35221704	1	1	0	1	0	22
chr11	35219388	35229128	1	1	0	2	0	36
chr11	35221733	35222374	1	1	0	2	0	47
chr11	35221733	35229128	1	1	1	1657	0	48
